$ANSIBLE_VAULT;1.1;AES256
30646264346264323536623736313964386639386263386163643937633065363831313431383966
3038336662376137646537316533376364383430323665610a343161393866386265346639383362
63343166303132656164626465663664356438613230303161303463663233386164326365313038
3764613534666562370a613762373232393765663561366663316432316363303638653339376465
63386238346262303937336333643236643335336234346531663032333633613532353763343838
35336164326437313334346634373364666365346563336364326437323163656364303165656437
65386630663633663065386563666135313761306131366236623535646535303932343132663931
39393663626165323830613561646535643834666335613435626335316333323930333036356265
63393965396463643335663031663333653939646664333431356233653134376161356465313739
64363464613636373730363562333465303331643334616430393635643965643134656431626535
61323137643030633339656134373966363930616261656139373530643964663231383931663466
35343536323565303061323535646466643639373833303364613530663637323065363737613236
61343030333337356138323563623161383731346638666136383664346335343666333131356436
36383762376632386638623263393361363363326138356561316433346639383564316530316439
65353832393835363064383333306330636633636462313462346232313561616532383362336634
39323466653263316666613234653266626435646136363339646466663735376135633933663133
63386332343533666163323839303730656137333131633730623164623137393961666531373630
34313938653266393632643134613663633139616438336338636336313030396465343536373938
33356238303164343566643065353964346138346633363138363736326435326562376239613830
38373530623665333465316138363764363235383665653962373731626366353564613634633966
31663032333664366464396232316262633731653763643236306361366633313630326166373532
38363562326635653165663434353538333933356331313430663535356266633163643431383366
62313435623661366261376438656561666537643037623636386237356434383630626331643762
37323463396136656430396634616666653865636131633563356333326233656635633363346436
65353631383861346136343363643039323465616332623331363430313264306165353863376537
33353232643764373936353836343933623735303434363134303434316163383437623531613937
35613634303863666331333965336564363739623436656364623637326235313131326538373065
36303631386331343132333838613964303864356663666262353363663466303039376131636662
31626265653463346266663937306435386163396337346234663935633566616162343630646430
64373061656538363636666564663363336235363832613966336138346632383736616436383938
65653164326437373435343538323238653864393931623437656239663630396131666437333235
62346564633964366437613933393634386635616462623130646334656432616634666638303064
37613066323734333436306533336230306530396235376234343162313233316336613839363864
65383962396134613263376262653434363130626632343862313436633936646465626563306537
33386339313232663763613630656230313764633063353939623430633463323633356166303630
39313635303761653631306232346264623531326565336538643433346330316537316232346230
34316634356561343932613865363933653538353430393438303364366433653333653534306665
35663934663831653630343834663166636266643866303431613930386531336265333734623633
37363933393839333565353365613839363738653630326464393563353230333961623632656139
35343836613764376161383938356334393165653663646239656130623730393766346330356639
38383734646363633838343235373239386432373563613339363630343334376530306534356465
65393639646164383537353063393362343961373539666163393662386535336462323663616430
66623631633234333364306361633961396238393630303830323864326536383163306131363862
62376336626535326261346364396165393330356232636138653464333761616463613433323038
31363937646233383534383364373365306137303835663636313439643531356530393964646137
31666231623461323064323366363231303636643533303135303161383236663839343531383136
63363162333535663962623035333735363039373661623036323136356337353439306263313438
62336466636466366566303336396132353231396533613334633337613761613563663961366532
37623666333733303037326434326133316163643666616561363066643835336264666663306261
35343432633433633966383931643433393530336334666534633730663034623831626435663262
65346339353035653563326639333462363336333537623062376464333232323265373934313730
63663365323037613634343862313832383665636262383537303263663439653166663135323431
37633230616534343961316338313736613266376538313133313363383863653661373230393035
33613537333362383437383332363131653863356663303136666263373031353933633165616238
32336331373835653734343933656436663535313861316261633839393437353938316565303161
66643833343337343963393535326430353261393837383636663332366631666232343566396131
33616430313435366332383239346666623434633337313463656562396137323138376664363466
30393033343432303366643962626437396266616530366432306137303963313737623163383230
37623038363839336232616561346366353966343039666239393037623939326635356164636231
31303033383361363835616363366365306633393836356235366463316261323733626234386163
63373430633834666164393661616635626366663231633032353737386561316266663062656339
33333031323965646632623065376364613761633531343437393536313061303465663937663339
33383734363530373764363836373664656335306334663465636633333431386465313237343231
35343235323539656132323461373364393137653332643037366532343238376539373035333138
35366538386263326636643162333939643634303839383331666531383066666131646133313061
32613666623330333663316338383738353366663263653363363233316362336138656665383664
34356632653562316161356465383135326564323532323062323031623730643063633236643663
63616532396662383836353434613535363732366662616265393733396365346634633038376134
35643935303131313330646236633365646337643863643862653262613063386531353866666338
33646630623630393062306338383036316664633735643632373733313133306166623066346661
35613661333064363635303335643939333430653861333735336436356435323263663766353239
38653962363235633238323939623037643939643432303230383438386637326339343030313638
61353932656539333264666232623562323930343865336639653236386530663431313439313231
35396236386532386234363065333565656630343663636430326266313834356133666363333636
31343635393031326466613830623564343630633737353031633934333633663461643664366564
38313666616564356439653664303166353033306236326135666264646332376266663738383665
34356266626438383263346162396135346230316430313031343539313266306264393534336233
34346333333338646164626135316237323364373036393733623462663735633336643936633738
39363439633531663732383464346332313938333763303334323336393937386534383163396538
37633233336364613138396461303831333332663535383136613832616135333563396239356263
36393930366132653563373335363966346230383536643936373733326166313030353037623331
63313062616538336339353330366263313636353662313637383531666162626138623734653563
61343931333236356338386139366364623733373566633961336662343334336239323063303766
65663239363430343433393062333561306565653435616434653737393434303031353266356361
62313032343063636264653762353262666536356565303963383237306537383966373862363030
39306661306166333165313365343931376439643931373666366531636138356463313039346433
30323834623966333033313935316231623761353733323966353030613265376163396532336361
37316263663365613031666135383565336564643538393965323262353434663864336664643234
34663537613066626330373236323063306531376232313038346466653230306462386236353833
62306665393865663934616364323237396261333761326535663037653466393564346335386637
38636266343833653535613266343030393932643830313836356433633835303539623366643562
33643736353235303936346163353834383263303134643930393864366463663331616130383031
35353336363038663437393032363435646336386361316563386136393334643965623865653033
62373665613263623061313536393138343866386130656339383534393762623130333531646131
33383439623738653336616166666234646433356661323331306337613734333864303032656138
66326136343066386433646362313961333332366137633533646336653264383363666637613665
33316632626365666637316135626561363664366238343430653037633539633162656231366663
39356138643532633263333131343065366536393732306463336662613234363664373836393837
39333534633335663866303461396333643663356265623936653032303933383834643130316136
34353539643365623164303462303830613865306330613631653666353334343333396632613862
33306333313838653639346135633538343362636462643264656338643933323736343033656264
64343938303061633236306133656139306165323737316162306636316631613364333434363133
63636331333231623462323936306362643936333630623636303834333464383862636263393966
36396263363937303464343261663161633532383063633633616637353131623066653562363463
37633135626162303433383761353330393033336231313934376630656436656133363332633638
66346537623635323963383139623666663430613961613763326330613438613033643465623961
36643936353031643662646433643264366164336533313232613030613564353464326162323263
38666437316263356532363138343931613332646365613165343334633761366137663739376236
61376532663132306233333134326530653865366665313166633239323063326365623931363364
33666335313165396230363538346262346432663164373166346537653963333464653764326162
39393866613863393733636533613563326535366263353932356438656432623736313835303563
34613838623264396365386430613731633135336539383561656166316637656632366232313263
30326439613365303365343938663835646635383533653831666461643766613632383830333031
39626161376130353531386236376334353738356637633438393739386564343736306633333263
33376437346364633862616635323734383838626538613731393634623738656537643830373162
62333933623938613563386236366165656535343735363139646264303638336662663366653366
35666232343531323235376132343962623561653936303039363239623930383961373637316462
63303633336366383934643233393666313864386339323164373961373761366430356232333133
33303435353131623034396135626236363333626162336133616365643139653332323763303334
33653631386436613265366131363465643562616432383536353333323362383237613832646331
62663863626230353639383231336565663165363931643961373238373462396537376162636638
34656136616466396437383636653135386462393932393565346238323664376435656432386333
63623566663534333730306566306335633963333661363664373438326234303538373565653934
62613131303333613136373866653062656332353730316463373632643132396665663866643562
62323632656433393036623364363365653165646264626438306465303438393062626435323435
31636464623836343163656137636133336238343831303739336465333133643639373437303231
61376466613135616462316361383332616134336131306236353664326366303730343763623362
33633937623237306463353933353761343961306366353834383932326133316339613164386439
31353663636663386533323730623931343535613231653765343464343330323230363238663863
39383337636363353733313864383236366431323561333033323531636266303937623234386234
65653433306432623137383034316438303136353337633064353463633362393339363338323763
65323738323165656131333037333563613132663036393261333266653261326166373233383237
37646339303161366638303162633934616666393133353938306361393962353233333433363661
65323636366461643465386162663366313731333065623835616261363233333233306430633332
65633533663232643736396164366162643832393134366665313666376162393637373764303538
30653336386539303663623364393133663761323131663035643136346363396561383833616562
65643135306136326236373433636335343632373761396434623533373664346464313730663537
66653164616138326466633735613664366363383532376266636636326235343630323265386661
31303665666137303538303337643164383937376637376563323733653562643535663938383939
36313930373638353362323238323139616166373362326434373530383733623763386362336236
39333931303537313965393464353437623634343162626630346265646663333139313263306233
34343562646661383566653537313837363330356661643134646166333631333932613065343738
32306130356636316364363465343731623261393931333930633334366364666166643932653134
39303839623333333264393435383332373530386164633630663066316533363266306539613536
38653339366561643762303433666239383335313962363236366261396264616432373762613237
32306434633132346535393336346365383231323761353566616539653561386131333464373239
38363638663161363138633264363733383738613461636139333665636566663936343966306561
33663062653561396435633866303134336364363561376564663561366563323032366661323331
33363436303961313931343566623630363339326662366231656339313734346130636238653030
36613431646331656564306236626330303232626132393138666138306432656165636562383439
32313935373861313739613939626134333937666661323361316333656564316333363630376439
66623235353764313863326266326462383536326561346639633864373564663731376336326635
33313732306330323939356263393965366461653863353535383234643035623935663131623665
38616465353935363865386431366463616533343331613763613531383436393165316532666161
36653762346666636438613332316336353865386564613234633865366231623661323366336632
65386566373339313736616236636437353532633964303964363738383661313661623366633232
37356333666538663563366236346164373034333738316132353964393962323665333139376131
62653961313934396436366165323733396363663831613666333764363863633732376634376666
31316162663330373032663362636639393133353437353166306239316131333765343064663163
65656539346237386366613363613930356635346364663862633139316461646439333064616430
36646265363032663863653162623731393233383861363238303166646632343234616138313036
35356364666533363439653131396138633132393738616265333931383938613138326333646534
64616637643433666230336431313465366265343535623261396161396163633265646137343931
30333531393366613733363931333266666665363734323033646137363034333339666435633761
31373662306439666639323230303963316264373362313961663036613930343837356634373637
61613963336663386432323263383132333037623437376663333762613533653061363265363164
33396364646637376439633536663638323365613138336331313131653933393366366133333535
32343033666162343831323534393030653832636635663964343962643536396538343231653138
63326431623230323438613539666364663736356665656339343831356664666338383436303334
31333863653130636535343262303433653861363534303135333661376265653761323565323135
37646332346661616236376562323364383134393161313936333833383366613232303831663938
39303038363331623932363339313332343236306636376334663432313038333633366438663938
36393630393830336132623062353534666637323436653935316436363534316462646365613534
34396539313863653663326562633636393863383530663736326663633032343361323837376666
39346539663037623730646336356564313364633362323238326630346464613932353664653333
62323533373031323361363464316138353031646431386338616136386366393032653236313433
34663362373964303336666363393861303834333734643466613936303935383334386333333733
61313233346635633337626230343239316434643164366538633231323965323738306666616365
36373530323930343333363164663865356536393630323462363135336334366262383265323564
32396139303563306234333937623462346230626630363033313533393965613265376163306362
30626331663139623663656635356362323665633731316165613933396665306533333566316631
66643537326636363861633834653064303036366332636165326334393533356134303937353463
66343565663236333863646437353137393062336265613765353135313938326263663233313032
64373936616165323465633338383335353034386530333364373162303233643861376133366632
30656261656134313839623638313765653238326332343538626530616631356537613030636536
36613939633962636364376265363365366338313033613332346135303836353961643762353931
34636266646132663563616634313330313362616335313634653236613634346431356332376466
33646338303361373635343333633161356238383231373465663037623863333233383265653938
65626339623135646463356337316432383762326262643330663965303635343439396638313337
39343231336564383161396461386431356331343665623438343939643436363464623264663566
61666632313265653464643135393237386331633335376133353439653365653430633366643964
65303561323836386535666363393939333935613533633637336236356639313963363036313236
62383130316266623038313663623234376138623661623438633331333964306338656236393735
39656463643430303735383765383736636335643834376137323233626566343737663461356236
34646366306432363365616562323735376438393063346632643361303536386534316163323566
35623562303137643962666633616539306635343430313333373563626463663531623338646635
66333565396434363962353932663130623539623162646361383338636163333064373361343237
39656366633139306463623439303161663264646666663966356538343931613734633166343739
66363361376433643233616363333535303562653030363931393634393966356631303836323737
34333336303133393932333636326661656539386539323163396161393232666264643631366237
37666631333936326665613531616139393638336433346439613037323538393735343562663065
66616264666266303166616565306234383066633537633264363463663931396330653137613431
64633664323334363961666665353434646437343965646436356636613137316138303033643037
35313637626463336365323534323832643162393235616132333161376362353365616663666261
35363731653733396562396137666561626531366366336636323562646639653861343439616461
34663234373365373662656232326266323365366335653163626236346233643436336430663635
39343466326432623538323463333238383564373665316664623034646139666138343436626637
36343661653535353135326235336139316565383164643133636336363030623962343234376433
34373839396433316265613864313862623538613832656331366562393130663865363431656137
34303131303662333063626334326331636238323737383234323965636364623361613331393433
33653539396661623530663131363335353965373562303438613330616234353137653362306330
64363762306666396164616632353262656666386165636633653039356130656531356130623239
39666430373037393335643063666235376631643965653864616237393762326633323462376133
37616561646337623937333134323732393061663963646231343664383463656334656661663135
34313733623463396639626430376334656238626564626237666534366463643833663165346362
33653061353665613530373262393137343634623634383734633539303561303537613663336537
66353462336231393939343363386330306664623133346163636530306331393939346562366535
65343230623733616532373838646637343762303635396164666635376632613264393063633839
33356433656261653232636134663135303436363863396162366363633835353932616363663238
37353365653339663134653838353538396131663532666266636465343736653838633130643838
64653165623031323038316635633662313637623332336136646263363461643862346363356436
30326330323230643262363532363436663538343561663932323838306663303163323862623330
62363332393164643237343866376265636133616330646437663861356663386366316365633638
61663337336637663432656131303461323866313331316530333336383461316362663262666663
62323235396338333732623962303863646430656334653436313937376162613538336332353434
30643034396533393731376662313038623761653837653230613536303035626362383935343564
31613262333833623235643765356361336639643934613436656638373638663431313635616331
35316133393166386637336538626338393735633865376334633135326530303935373939366633
38666564663431663135636363656235323638656332666438323739653535346262363536616339
64313663663565376262356638396662396531333130613937373732366535323861623866326362
36323766623136336231363738303563643630316639663636323835666264613739386535393164
37643735626562363939353637623138626562396264383138376434633238656161623336303161
38626431326565363637313331653834343836383236346431323438353835333833663461366536
33363536613038656434306234336666623039333430396238303661323835393564633266616362
65623037386262653735373734396161313363376266643031353866633733363130356132333336
36306437306563306463636663663034656137316236333464333932396437323633346561656232
63336237346336373263663063666632323038393166653132343736356439336663363762626331
39366434663563333030633434333031303462333237353039663031373536313731643632363761
63653366363839633035633533643938333538343436373565643537613363666231613038633866
32633830326564313537386664346539643335343964323936396663613631306530313965343161
39643538313161616231613064346234313139356435666135646335353634306635376535373363
33306462643663353130393866663637626565646464663236646430306261326562343235663233
61356433313462643130636666343165303038383662636662313838663830326262633364306662
37613738636666616231616532653564663833626162333835393461313165663632316430396661
36633961616638343734303535303831316462346662393934666266353163393363356165373166
65303463393462376335653262326232646539633334353937383534363766383438386334653863
61303965336133353761333361663638623431343565303838643163346264323463623534393464
66333530393538393963626162633533643938623137373132633838313461613136363238313931
38383638393530373962613434653238343335313562313937643139343461633533396661343437
31333739643034343636633034623439643839666438656232333032613337373866636465633836
37313234363434303739303538386639663933383139663038616237393236363466383835363661
33303833613262666432313933373462343061373938303638356162303366383232313436376138
38613765393137313164626163393731343935646164313032326466333563373762376134393162
64343939396534336263656164376635656135643663663137303231626562346635303134373239
35666133303137316162623832636534326365323734376536643963303633666232666666306437
33366533336530336665623563643236643861386438613430643061623433303639373137386434
30333362313161613330303336616135633364333935326133383934313262646661353139326161
63633637316330303936323736306631343135666434646330333230373661376665306233643730
39613834363737656361643131656463666463396533323533616332303235633430326639616565
37353363643330633035376336633165653930303662623339663338633132623639363732623133
35366139663764303335653237396464613361383562383937366431386361383836363265336536
32353438643162343461393036653666306261626637613561623434643564363231383137346238
34383731376437326132653361396263393564383333363161626232303966336530656563653133
39323736356538663830326633316561616136633866336132386164653433383236313837336161
38616433346366333239393836373233633532353331303539646634343966636639613265313766
37643136356134613237646437326266303762366333663232306566643736346333303936613661
61333431303230313032376364613636623164666531343636323835393333383961656439386366
62656337636136663932623935336535313937633636613837373463623238613231326561383635
38333962393637633462363639326130663434323531663538653332663737666565363132383234
62663036343062366136376638366335616537663865326639356334333330616166373234333637
66323730656461303532333736313936643836303162653966653332626465353134626566363537
36623264363337323536346331613034336231303765323632623064363237386236656235326163
66653564656439653137613733373161636164306336373034383963626438363764326564336266
31376361616261666237373264303261666530326565346530356363306638653662623937383565
33373932303334336639313938336563343432386433323361383666336363633232343736313765
37303837393133323430376530613339393962633666643964316164313830396661633036396138
38393031626237626665323037663330396638626333323035663861373131333938386365613630
66656638306439643630316333316362323239386534633136623535366365383338613033303062
62656664656532643665306334316363343039623166666265323630313863336662326138343838
65336534626530626165366462623634376263323764616264323762396664336631626335316433
64626635363933353937343262336565616263636164346538363635363932396435346365616535
34306532646663646635636464613733646362613939616261643637633732636334663238663632
62653135383364353566396162663630376662363134636232643030363365366239353034353531
63326162643733356264333030636131363437653364663136386439386666326664636539373038
65386161646465376339663233383530363339633533333130666566373235363239613730386139
33313336616432303636393737643965323637343062393835353264323464346535333232346237
35646566643561386131616363356561633935306336616265316531373435313362623931626339
33393834623062386433366536326666333536636535346366616532633262373766396461323035
35333462336139613231613062336162626661326263353731383834636435363337636639646530
66363831633130383139666238356134396132633737636464646139633531653166623962393037
34333865336533343964393533363835313134306261336563376531346537366231653532643764
65386433306436376463613166353664616636333761373531613664383339633337623737373733
61623235356432373231623462313232393034633664363661623935313861653662626337323532
34373762636632663333633136343234636130373364633338313366353264386535396464306161
66383035333634656330643461313865666230636435343563303633613131353236323834613132
35666462316466356364333538353137333363313438626366366461363661373337343238643834
31653631326361613439356561346638626666303537653363623138306635383466366566396632
61633439356530623265633137626237336664333433306132366537306231306561626362373838
31393065613836346131633866643538396137343866363365393866336431316236346333313936
39373730376536613731666233353431373738393333376638396361386361336135363638353937
62306135346139376365393936663932363861336630303033666632333430303537353661623464
66343930393863656634343539373637633032663463613766643665396238663066633265663239
66336163383337303238393737353164643131393663343866643837613735656635343436303765
30363761336564613934313437363836646530333465373134376534313833316564633534623632
62396339393461386461623964353661623031653238656132663532633536373362636634343665
35353232303438383236643837633034306239666636616462313731396438626339663238353033
32323033646638373364366631343762613261373435373833363065386434666136663264356364
33313164353133653634333131396466333934636638356338373738663939316530303237656237
38386539336565323039616235396363653230346337373664663535346263353638643536636530
66336438633435643738623430336437313333633732306461363731343462636433356533393830
63623965353864333736656538356238646537633463336338656638393461366365326133323566
37363365613433343434373066636530386534646239303865343939666535303463666463386561
35303538376638353537616465396233653837343838656366356363393730653833383232633066
61316337363031396461343862613765623965363430613331303431303363336565666364303761
62353834313430633835333232326636666232663461666364383835613961633532663566616164
64346430303234356435663364336364643864616639363835356438646262643262633639346664
36613632336464386330656531366663366562373834623437666433363938333831373431303530
34343336326563336237303336336636623438383864633032313338613935343562656331323263
37623963373738376365653630633464646338636134376439646237633630336661383266353832
62326464656636396330333330646461626433306134393437623731383966313533376535363232
62353162376637653130303037333235343735366634326266366631623330346231656331643531
39343036346362653765323664663264373831383335356334663062643031656137316431613534
31386663346235303130373163663739323263636333376231313062343036633735303138646231
39326266396136353862613038313665386466356434343064303565646437656134333661346263
39613462656432343837623565646233366136633462383330643530343035316466323465663661
62643266383933386662623461323734363730366264353839623466326132323965333239393662
65636638663464366365376436316366336434313666626166343162653036353062623233653065
36623838366161613530626266326333333165323233663032303233386261643563366562316362
39373539623735356461626161646635663664353631313632633435316633656434393662303161
32316632376438663834366333633435643939326532653562623335663533343262616464343263
31623339633632356433323464313136626635373137646365356164396432646338353437356536
38323433366465663563363334333832333635623362343636356261383233383134396138396330
36666432333563666634393333363533393335386534303239333536643363363531616437636339
34366363326130306162343232313065643162323662656234646662653563396463313131666133
33356336636432363766383562383036396464353635356564636565613266343234333237316432
62323461616163613565623632376235656263326537663465353234353639373330666430373761
37393930386363316263333264303834633565343464313732323964656462396139643235323163
38663766613532633932373437613638356535383531613063656562623262613336343362373333
32316662356134313433346439613835396466613134373932316463613762383666666565383733
31373765373930633365326532363162646435666532396236633736383037376264613736313662
39313830323538653164306263326234306534623639396432363233313433346264646662306439
39623830383238653466363839656330333836376634653038626433306239646265303333373662
65353363303232393464333962393836376430613762623239646364353637646162636534343663
64633636626131303239653635303863363164366661393235336131353037313033666564623130
34623136323231336563316531663562653165626238333538396566373230616466396565303363
63666661336265656335366131396538363730336363613230396432396161303764633932323161
30363731626566663663363033313933613431333963356364386139663337376632393730323734
36303439613363353035383235376136356163323461636431363063353264636561353430336632
30393465373263376534353339656166353265323864663534326630356432313231326131393032
61336633626436643431336435663231613266623164346533613461306138653265633531383735
30343334383563636239306630373861386439366365643437336366353564376261623031303737
64316138666437663764613338663734373765633235653764393961393961303430303264393834
65643236356562653939303861383962343036383230396332383632643563303465613963313638
36323630656665616562353735663632376234623732386163316232383535343433646465626331
34383536646462623462656135343663323962623465616436636538643861633636346335326564
35323136393037333936396137386262316530653563613431326337643564386566353236376536
35636131376432633166353862626438373934316536323331383464383332323063333934663934
64616430336662343261613166323830613665316336633066346361346564356232626163396161
36306337363162303538623736633036666136643562646165303066656231346432643862306230
31656236643866663664383963343766373035353034343064613032396634303230633930633931
66643465626264626635373031613964396663306631646566626534623432666665333130633866
34613364383638306265633437646537346434646163663631343764306437343633383836333162
37653237366238633036383236393366623466646239663065636330356631663439333463333763
31393766333964333761653736613639623662383962353665313437306136666336373737323831
64313639393033313630616535626633623239316434643334356566373863653034663339306234
66386263653265633762306439636133316531373330356665383764333838646464613862353634
39373666616666393864663239663561343331313861633463373763353461373737363538363437
36616363383038343038313337636566363766666538303531326237373637663063633136373962
33333064303831313666383134643436393064656665366331343065313038646231646330383565
65303935623963323539356361386131616262313363323039373833663134313936343633323961
33383732393838303634316431643364346663316130333465643630626634376231313036323765
61333930616231643065613036383836653839623161343436626337666233376466356566313066
34636262353062656162323666326164666237373664643635653764646232663331323861363832
65613539653139386237346638383039316233656361613061323831386530396435656233326261
64666439353266383764653332376237346533633431613938376136376331323735653632346261
30376138656137383536393730366330643434343439333538623961303237666237633364323633
30346635383462356437336263663361653232653063636639623831353835633131316533633333
33653331646634393132396363323832643833373330626331303331316530633834373234376361
37306164633539666139663931316130353030376339393738646665343335326632653338383833
66623337333936353266646532313762616231653330616364313034623263623861366633656437
30643935396266666366393061663436383932633436343231363961393832383261396630303366
33343730386337636536633863366362646532346339303063363237613330383031326239333466
66333438336361303230396563336439343163346130323433623639663364363966303634616638
30326435643361633639323063666361373362643563303436363739313434333833656534336563
61333231643166626436613764306533623236393661616337386332323838303935666537666432
31353965663961663336396436303562333936366536333261656563306438613335373662373033
63633663393339313732343764346361396466343965336161613130306333393061373131353265
39623731393764623834306262316634303862393930323138663633656265366331343664323861
39303064623366333165353133316634356230613632353839666634613635346438393266316533
38393435363938613733376361393232323365313563383432326361643734643238646662376465
38333837323830656565303838303431303038383730363438663836353535386565616432393930
30663035613731646633353331393564373135616563653863343437333332383738346261613863
38316436346430343934343130393134613431386639656561643436653363326239313937646538
62633830313531353536373465653235626638323332363331343162366530386134343438303536
37353666323432613632653962336564633639623338383264613839636332353632303732393837
31386332336166626137616362636538386263316637643262363662336666306139616366396537
61316439323536353866613833366539313630313339633835336438356462353334303263313335
33366664616438383637336539653936616632383131323637323366366266643338326433313039
35323361633239396162613364376232353837376563316164666233613434333037356430336265
31326632313835656262323066323434663034303439343331633864633736303765613564653462
65323632326163643835623031646162393866643038313438613464623934333262653265626136
39386436343130666665326466313938636639336635363337376266613533616434393863356534
61383039333866663565346261383632663939323239366561353266613530623762383134643265
31303834613262376334636130613665366534633762383135373063663565623836633239333462
39656632336161663931336131363739393437303932363166363832386461623737663832393662
32393162336237343835366163313733306165323832383666326534306463306565646665646366
65636663653431636266383465373436386633623965623863333930663538393137393237646238
39653933336430373364623339663238373366663838306665656665306138656463303936346331
66306561356133616532623132313538643762326436386165336537366633313730633538383164
33653336383365643162613161613863393433393163313137653234333764336464393037383932
32306330366164326565383863623532326561306265343432306366373863656432626131336535
63616434356465626362313630376138663937623833393565373862613639376561396139353031
61633631303632636563386662633937653636343239626634666637333164333230303363663232
31643266336439633337633934363435343334613134373939343131663633643239663263373034
32633539353738646263306631613336316637336664653638333536343833303630383835616636
62313538313863393666663130626335396565313430653166306439333739613366663265316664
33613936643835373431316131663533323335336339353331323265356565666465393530613161
63393233396337353132393666306633343038323335636439303938323430326231633463393061
39396136656161613038353161656136346437313534656134363266623664616130333931336133
65663235303765376537623333383939643939643134366131306139333039373164633537623666
64386539393735666662393932396132646366663933613636636634303764363761313136663237
62303937646365323933343163623831646462316139393532626465323938353039316361333039
62666162663364313766396166333032343363646434343538653865373333363631383339353565
31373530393039613531373539303664393831306565383163623830656536353333613264383533
65353838316631343766383037376436366361653033343031373966373037623561336333373434
32396565376663613135663836333430656332376564626431613861363936313336623838333833
31306661656434373764363562373862303734363365653637643864376331393637343361323663
39383334636663303862383736656464386435356434336136636637313636643939653736373632
35326632653162363038633833396636346233613939353636373836666262666637316138353066
30373162646334356135363762346664373932633963393734376430353765323962633961626439
61323865653531656364666566313330663133643661396235633834613335323332366462613537
35323662636537353232373136633961376331396330626534386635323966653138633065663135
39666466653535316138336539383563626337316432383862336231613732646165393562313233
64343565386634333934666662633164666639396630363134353934613234303930663831613164
36626139333562323133626139666632356266623934393233396363633830386431373230326337
32653466636639303336326233616232376466326238646363663965643663366663343739636166
66656564363234663165663830393334623865313933653739343835613061646533666236353236
32356630613166663533653736376564323838356632373335386634373666666434353938323661
61386434643166313764303765646330306661383139333736303663613832613136366133303537
31646139396233663164636565306133386435353664656331636364653763386433306133636533
39666461386637626463666666313332656437386639326439646431613338656563346433613231
65393537313566393164616562323637373564653634356164343836386536386663623132373839
63376637636163623366633038383838373261646361316135326563313862376366623130363162
65633434303635613838613966626631386164316636643264656530396465653839663165373565
31623561376338313863343632376437653439613133666135363636383266376261613137633464
35653637396632366364393732376636303830336431613837323237323964343731393534353836
35396561633333333331306665326562326630643364376466343865356331623562353531393764
65356137656334313663393461313138356338386336383965616336323532656231343335656337
38643238386630383461356533313962306165333163306236666434613064633332393764373731
32633537343133363030396663336536353265323837333266363262663463356138313965386334
31363035623138363563633836316438353830636663303536656662356634343464613231346437
64386236343331353964313562663331613433303263653530376338333561386134353036343066
64656235656436626166343465633232656266323366353364363932626535396330646231646461
39333930343635646566393233313166313665616331653364616337363463333531633333343332
63636363653235646161356534316635393539613064326130373463303464376134346332356633
61636234623739633565386632663332373030323430313162613334623335666433353730306235
65326264356230643163363533313035396561376435383734363031336366343632303131643930
39393564393238616266323633393239313734326564356432393038346637666139323561643839
33643230396465613435393631663735656638356561396166323861643032663865336630393436
64656265613531356639656538666234613438353561666363363366633837663866356235306662
36623266303036336461396530386664326237626534633537336138396237396265373935333566
64306333633433616635323433306237316138386239393738376230333934633135643863633934
31386131323162393366376261663435313032623764376633366662373262386166366330316261
34396435303431626630316135373166353832323830333136366235613632386662353132376364
39663933373830343537653361343634323638353239383036383164633037373963363230366131
33623333613662653039326130323638383034656631373439383262636563616538346461663863
64623662313062626537373966373436646137653032373661303932623262356263623261613865
63623463636561303637393932326663646234613936313131323031633034653837633631356530
63656336656236356136303839383764333538393639333034313136316635306332363436323362
37653334646662656261386564343361306232363165333730313564633364313665383230613264
36386265306661616565363461643033393331613334393038346330343839333237303439303832
66356535633231646535393065363235366466646635323235336539366137313938323832613036
65323533383066343834653039663138623934363264623334326164323737653630323062353061
35353931326466366332313232356639643762373031336434646237356532393061636337336165
66393837366336333062613561366565643737346632313036316466636265323130363164313638
33323038376663653831326233306365633534373666343736613363663139653330366536656364
37616461313734353063333935353064316437386532313530326662303962646661393535346235
38613431333334383233623035383231383034326464313136653230656235656266366435633230
61386465643239393936653530343338633562646139333839616531663537646639623465386562
62363135653965633434346133653233616232356234636330623039663436646362336435363938
31393131616563666235333264346466383666666338373964323637393838643131323638353838
34323066343237613466633166333265633831343839323366623863393965613333326637303934
65333831393333616535323238343964656631636436643864393435343633396562363361323936
66336438346162306534636333653538303962306566333336313439396535633832306433643530
33373836623231363736656333363461376538653261353964376435326263616365643139333630
65626534353737653832323337306461356230666566383433393765623661353430613238323563
39333337643935633530646631663336613233656638373434356437616137313437383865633365
65653931666432666366616463653464616162643934323333623963386637383635383238393062
66666566316231663238326261373665336662383566353264353233373561656339303563333832
66623365306165333535353265316133306535326331363133303766396138373163313330313864
32326437646463316532333864626639656665353532623335633463636432653537633837643635
35373961386531633730323665363564653933646466383666646131303362373733393338303833
62636238386361663231316133633930623332363764393063323630623761363234306464373434
38383531643831623130616239656331353638383737373135663531333930356636313765336133
31313761386565643938393463356639626663636335353062383032363038643765356630383436
62356463366232386334303431313638666266333935323039653733656637386135613431643936
33303438613863613162613237316633623764323832656366346563626366653730303261616333
37353634366163373132306530366234336165333036653962613933373536373039353538303566
33306634656462653365366130663462363531343538313637633966393639366264376361363664
31323961356465613437383838346332376165653338343966633566393331393565616238333165
35316461313839363839653335623836333839633161666166643032653730333132633430633962
38346263376264393632353161336231363333366364616636663236353331306432383332366666
36303466396264636265356131356665643739613934376530353361303966383665396464336238
36633837356132663437336531633637633034643634363935356362626663366539636233303535
63336131373030333232623564356365373431636338303936303739346164306135663963313237
61306164636139393138623138646334656636666437393064356262396434316664643961653539
35643535333735343762356536636530353531323064653430363738656237313032333261366232
39643362333737323430643166376466306636306234633165303835396233366439313739303234
32626237656536636235653030396461613530663764383632616666636235333665373733613463
66313234356635616666623462653239396234393833363039326537303036336237316234626636
33356364633565646362396563616436633832343433346631663664333038363632373539313131
65343138646536396333346539383265333662383132646230326130313930336363306261396264
38326533313463323061356532303234323064616630303830346434633861313964613462636433
66643836326262333461373433313162323230306437336361333736666165363231306434356334
33663131336331396237623438303937353733333932343530626563306161333237346464643437
35383434333634306563343338623533336331333964323133333537343332623762633833616332
39626138333364633866326535393833373731663062616264303130623236353032646233383561
35363532303439363430343964313137353439646137663765346365303266643965383231626365
62313938633430316433383265666538393734306265373737393066396562386335643362643437
39393934633431393464623034393433353936323733393231666538333662616665636164643563
36313366646565616562363535393039623866373136666438613430376635616661316133343564
65633935373033363534643934363933323438643932643864356631343936316630643539613064
34336562303133323234313962316535373838333961306161613065373536386334393034663734
33393836346236303939393737386233396564393364633036373732613132343461393131393266
30623636353465393361393966653738616330333165386133346237343664303939393936393834
34356235616631373335633530376662303439646639343839663663303130396232386532333466
39396639356536626530623835346533383461663565636466363562623436373762646638313163
65613565653964663733353638633364333038633935613936346231353735646164386439353137
38613365656435656332323261343237613039323039343861366335336539343066393335366330
39313431373065323139663031353530333235323938303139313064343238313535333263316163
63616436656165373965626164353437313561393733333639633639376639653464356563663737
30383832316162633264366331626464336531326364653164636534653062613933383564376437
30633338376162323966636139306561343830316462626432303138366164323532323539613465
65373033383436653030633231323739646635393930613661663761663036616632643161303439
33346437356332636439323038656435656534646461366462393766336466653037316536633538
64643139626665383066663465383031613432333664666435346161626531373230376631303662
64386663396462663961326239393535633336306533613034333466353661363336373433376336
32643838353066623236353161666533376463383239366466663239356564396461666462346663
33393836613837306664333837326635333163396563376465646231666334336133393833393138
36356562616338666336643631643064663139313066613365666530653261306162363261656430
38666465353862653266306531373966303037643064636165613030646431343465383164363465
34306634316162366236363738336465613232373337646535633230306262353238633230346239
61373262313639316238633034313234313162326539616462376132393431633861666462666531
31656237353762346535623137626137356564343762353937623439346333613937346130393836
33313861323465666539643762633833373034646333633238616333653437626638356236316539
39633066326661326165636639663438323736353461333963636133343636346239393532373235
37393063346336383163623461313933336535643564616430373263306632626330626632303535
34333132343435633030656166303763313965636132613830666432626161306538636466363038
33383733303362666138303664643032666432353565663066613738616139646436633837366436
65383237313533323135303535643766666165623330393435363563613436353434663838333336
61323564316237333463343435636664663734303833326330613330363331363932323832356635
65623539343434666237663934646466316566343033396535356337313832373536383333663864
35653432376538346534633963613938326535383934613933326263616135353265646365383939
35393731343162333237363938373665393237383135316333366261623530646335343931656265
65326361386164666165316463616666313432333464633537656133613532343966343435366230
35373733373739326531623964643737393539303065333235633336366534313834653563383662
66336638356330306433306432363538653066353632633931306561613832373161383837383232
34613139376365343238323531646565356263383433363332343764366639646431616330336466
61333931383161376334363366363733666434383163343930663432383331396532613834326564
39623037313936303938616165343130386566343336663631623735333866333031393835366536
66316161323039313761666133383966643333326663353931333536653763323265636135633261
66313036353037623865306432636430393931383762636137343963333837373665343830613333
64623665333139333736356433323738373633333838666237643562666330653938383136323664
63393432333765383838326332303533386233623165333566376230646161623632346537373738
65313631353434653963646639663835643035303766613664363735356132346532363863346530
38316336336263663661396162623637326561636236626233633132636439653761643535316666
35626665393634363731386262623965666438303438663061376261656333336134343166653135
32643962613231636564636565646564363566623939303637636165616433353134396138373636
64326134363234306166366261396534376239343164613163643361383062383133386135613666
30633738636231363138333638323733366361653635666336323137373231666538613230333961
63333165323830643430386664336338326265313064393862306435633262366632643339336339
65656431313163393862663239646433383837333735646438366164336563626639326436626662
38323533386162366665313934336135326164353231313638333730353236646435656535623565
61396139623663626630306561663666633933386266363730323839363130363963343735353765
62653234353438366166616533323936633164633764383338346635333933353536316531386437
34383430346438316435343361326639373834383664326236386531613261663331363361386133
36356630666165623533333238386230653462386566333635386666303233346433663738356532
33633962633462303535633964373765653364343235376234303562656538343930353332613566
33303930666663623030336338323638373463323333386534303363376562666563376239386665
34323832333763396137666231303635663530353236373466373838316663623235653038396233
39313238393733656363306364306162396435303236666630393832613363393961613663383632
35636462353265346439326635626135636163336264363465366464303933396661373963373539
32613538386338303866636330393430336466393834623332353838323430366666396131633333
62323936303632666364653239383763366434386138343864366231303561626531613162353735
32323439373765633163626339633430373561343339666131626663356561396664643433353739
34626433306139316664346565663034356563643133376464653336626430353030633234646465
31363861613264346136333462346533366637313639343036643562373938376466306334303164
30383739663763323162323266366238363837366535393734313435376263616233333034343165
64366135356431373239653663636136316532373436663263396164663635303532626364653130
30373230623434373733306437633231343662326531376631383337656161326462383561316166
61633961333031366230366336306561646138613236623966663137613034663165613264363830
35666138613163326664326236306230323834626461636639356265346436623661666435376162
32333164656339626632366661623932326230626662313361386664396437656462346266666234
32383435346238386364646630353235636261396366663639336334363737613461653061326435
39656263613933363965336663303265633366613863313536363162656135303735616130383836
63343566623433636234393431396565353638356537336361633733623861626133333739386639
32616462336239656164623364643734663030613761323665313437663633333866636434363931
65653836643162663764656362643061373266616562346264656131623133643034376664666663
63653064333764316565333935616263653937386663376137396161373266386464386431303765
64376231376166323939643031376663393134646533373331613433303462616539366235633238
63343630623861366363303933643863663534336462616236633533323231336331363564323239
31366636393835626164366232303330313332366334386130343262643039666233386561613761
64323366643063383163353663353930356238663637343439383135666230663162613763366138
63323137313235343538616632666463303365643332613662366133343666666362643232396231
36343665656230353935333061656432303365386634626461336533303431313030383437376134
35626631336566663239383162663438363463643133303731343766643066353662363130376637
34323237366564623532663166656432303531383232396262646630663366643731636561616261
36323338623933383861613065663136386363313331306533363263303330353861616234313132
63373965663233363539323031396566303134323939613737393065366132616437393636626431
34333965653131643461613665386261306233323963313738373731356334363830613366383861
30363562356130396262376235393063653433363334613437353432636163626537316366386634
63376432356232353637393065323439363066656135333462633062393637666664393930313331
64326362366239653732663231363139336261376534373731663435356631613331343331666438
30303336336137333661313961303262633833383633373335303036666561636534383235626134
37336362633438393035323135636162326337393133303935626661666230323633373066633038
36353361373463633233393437393738623039346666333234366464306236326563333334366136
36653039613739656436356261636433643538366337386535623861303265613666363730393635
39343034646330306234633063313735353638633966633036326539343963386661633136333432
38343238656630396363366435333530356235303039376539653165363531653435373565323037
39666665333664363562366564613636363462643733356635323130303665353963303334363634
34383361663063313738326364373939363963323462666134316236613466653738333734626632
36383563343261313761376663373661323439353038363034326536613432373762646334316632
39646166326366336535653063396663383766383332613036666137396437623931633039623630
36383231376633353134663333626163663833643561363962393632386534303137353966316561
61643130613139326361346533343433613861656536633030626638623162646461303964376461
37383537343531663338333764316230353533633837313665326336363831613033343231373932
38306538373432616238326537373431363265303431663031323466363333336631646337663038
61633532306339633533326338326361316437326139366331383138623465613262383064616563
62303330373338376233303466633436643537333835396130363039623566303839336261373566
63306163363335633237653664666262353963333461643638366431393238323764333266313866
35656663363231663163666331636538623364316532303461333539633634363632323631663137
65653131316463626335653263356232303239626163363861616335626264633165306133353634
36663365626466383034643861663861356139646362666565373637393362643761646136396132
31316165303939663634353236376266656131613838373238393461373961373965366637623335
39396339663664313037623461383637383266623139353865666336383365323934363731663665
37363037663663666330316434306663643434373565393137393835646465313331636239623633
66643139336533356236326535303365303234346632303536396462646434313333343837326331
33376664386333613565383265626565653462323036316438393237313963363132373464333961
37396439343465386438646265626263313035323130643431376139393838313836613462306334
37373062326131643136326231666466303038313731323064666532363564333237393036383266
62363264323539363632623037633335643165353031376537353864373761316330366436323834
61623362636161613734653161323966333833613133336431396162653138303064343434356631
61333361333335386635613533386436616466396233646162396432333039363037613430643063
63323036313532616335646566666132666137303138636333313136386635356634613730356138
35636233653039346337343332363632373335323836313530613264343039623539343733333535
39376563336532656463323064633234626265393562653736313830643439646164326530633862
65393539646535373335356334376266376634396263663831626530353766633132336563333434
37663038303238626161306339643765333433396536313138386130623166643838643837633962
34613637313032663866316464373834666130623133396366373333306163303537656534393534
39393066633862376162623263333735303632633935313664623634633437663335623639363564
61623937616565343634366636653339343230303938616439336430376466386566613934383966
31326138303831653235366466346430363033643634656365336538376239633038383031353131
33666337323630663436386465363232383466366161313532343237666636386132333439366565
62663065323032363533623261323036616163333039316563653238333836616566623761336462
31646130646534623435343634656330356434613031383036623064336138316331636430303733
33613361626535643434343566653437316565656165323133656437326362613033346433663563
61663831376131326638373938363466363363326462623833336361303866306134626264333866
38346334366639633234613539643236356239643833353465393562656662626562303931343565
36306232396632613831636336653063306233343664613234343034343431383131643261366562
33393164306663643736
